-5.00 18.0000
-4.90 17.8000
-4.80 17.6000
-4.70 17.4000
-4.60 17.2000
-4.50 17.0000
-4.40 16.8000
-4.30 16.6000
-4.20 16.4000
-4.10 16.2000
-4.00 16.0000
-3.90 15.8000
-3.80 15.6000
-3.70 15.4000
-3.60 15.2000
-3.50 15.0000
-3.40 14.8000
-3.30 14.6000
-3.20 14.4000
-3.10 14.2000
-3.00 14.0000
-2.90 13.8000
-2.80 13.6000
-2.70 13.4000
-2.60 13.2000
-2.50 13.0000
-2.40 12.8000
-2.30 12.6000
-2.20 12.4000
-2.10 12.2000
-2.00 12.0000
-1.90 11.8000
-1.80 11.6000
-1.70 11.4000
-1.60 11.2000
-1.50 11.0000
-1.40 10.8000
-1.30 10.6000
-1.20 10.4000
-1.10 10.2000
-1.00 10.0000
-0.90 9.8000
-0.80 9.6000
-0.70 9.4000
-0.60 9.2000
-0.50 9.0000
-0.40 8.8000
-0.30 8.6000
-0.20 8.4000
-0.10 8.2000
-0.00 8.0000
0.10 7.8000
0.20 7.6000
0.30 7.4000
0.40 7.2000
0.50 7.0000
0.60 6.8000
0.70 6.6000
0.80 6.4000
0.90 6.2000
1.00 6.0000
1.10 5.8000
1.20 5.6000
1.30 5.4000
1.40 5.2000
1.50 5.0000
1.60 4.8000
1.70 4.6000
1.80 4.4000
1.90 4.2000
2.00 4.0000
2.10 3.8000
2.20 3.6000
2.30 3.4000
2.40 3.2000
2.50 3.0000
2.60 2.8000
2.70 2.6000
2.80 2.4000
2.90 2.2000
3.00 2.0000
3.10 1.8000
3.20 1.6000
3.30 1.4000
3.40 1.2000
3.50 1.0000
3.60 0.8000
3.70 0.6000
3.80 0.4000
3.90 0.2000
4.00 -0.0000
4.10 -0.2000
4.20 -0.4000
4.30 -0.6000
4.40 -0.8000
4.50 -1.0000
4.60 -1.2000
4.70 -1.4000
4.80 -1.6000
4.90 -1.8000
5.00 -2.0000
