-5.00 17.3960
-4.90 18.3354
-4.80 14.7828
-4.70 14.2692
-4.60 17.2155
-4.50 14.6461
-4.40 14.8195
-4.30 19.3033
-4.20 16.9016
-4.10 15.2891
-4.00 14.0880
-3.90 16.8472
-3.80 16.7748
-3.70 14.2668
-3.60 13.1842
-3.50 17.1859
-3.40 15.1796
-3.30 16.9646
-3.20 13.1531
-3.10 13.4459
-3.00 17.7721
-2.90 12.4938
-2.80 15.2509
-2.70 13.4702
-2.60 14.3823
-2.50 11.0644
-2.40 14.5267
-2.30 9.5765
-2.20 17.1058
-2.10 11.2277
-2.00 14.3840
-1.90 11.0973
-1.80 8.1083
-1.70 12.5953
-1.60 11.6749
-1.50 14.6990
-1.40 13.4188
-1.30 12.7739
-1.20 10.5313
-1.10 9.4958
-1.00 11.0007
-0.90 5.0815
-0.80 8.9491
-0.70 10.1822
-0.60 8.3259
-0.50 8.2854
-0.40 9.8778
-0.30 8.8320
-0.20 6.8517
-0.10 7.0354
-0.00 9.0200
0.10 8.2374
0.20 8.6507
0.30 6.1509
0.40 6.5854
0.50 7.4672
0.60 5.1497
0.70 3.6007
0.80 6.9526
0.90 7.3939
1.00 6.4488
1.10 3.8984
1.20 2.5218
1.30 7.9361
1.40 5.7024
1.50 3.1421
1.60 4.5182
1.70 3.1598
1.80 6.8460
1.90 1.8722
2.00 1.6750
2.10 5.8062
2.20 3.0027
2.30 0.5894
2.40 3.4961
2.50 0.5021
2.60 3.4539
2.70 2.7899
2.80 0.2688
2.90 -0.0022
3.00 3.2910
3.10 1.3914
3.20 2.7674
3.30 0.4717
3.40 -1.0242
3.50 -2.5374
3.60 1.1130
3.70 1.7082
3.80 0.1426
3.90 -0.4185
4.00 1.1836
4.10 -1.1566
4.20 3.8828
4.30 -2.3373
4.40 0.9749
4.50 -1.5651
4.60 -1.0243
4.70 3.5031
4.80 -1.9825
4.90 -1.1642
5.00 0.8324
