a = -2.0518
b = 8.0586
-5.00 18.3176
-4.90 18.1124
-4.80 17.9072
-4.70 17.7020
-4.60 17.4969
-4.50 17.2917
-4.40 17.0865
-4.30 16.8813
-4.20 16.6761
-4.10 16.4710
-4.00 16.2658
-3.90 16.0606
-3.80 15.8554
-3.70 15.6502
-3.60 15.4451
-3.50 15.2399
-3.40 15.0347
-3.30 14.8295
-3.20 14.6243
-3.10 14.4192
-3.00 14.2140
-2.90 14.0088
-2.80 13.8036
-2.70 13.5984
-2.60 13.3933
-2.50 13.1881
-2.40 12.9829
-2.30 12.7777
-2.20 12.5725
-2.10 12.3674
-2.00 12.1622
-1.90 11.9570
-1.80 11.7518
-1.70 11.5466
-1.60 11.3415
-1.50 11.1363
-1.40 10.9311
-1.30 10.7259
-1.20 10.5207
-1.10 10.3156
-1.00 10.1104
-0.90 9.9052
-0.80 9.7000
-0.70 9.4949
-0.60 9.2897
-0.50 9.0845
-0.40 8.8793
-0.30 8.6741
-0.20 8.4690
-0.10 8.2638
-0.00 8.0586
0.10 7.8534
0.20 7.6482
0.30 7.4431
0.40 7.2379
0.50 7.0327
0.60 6.8275
0.70 6.6223
0.80 6.4172
0.90 6.2120
1.00 6.0068
1.10 5.8016
1.20 5.5964
1.30 5.3913
1.40 5.1861
1.50 4.9809
1.60 4.7757
1.70 4.5705
1.80 4.3654
1.90 4.1602
2.00 3.9550
2.10 3.7498
2.20 3.5446
2.30 3.3395
2.40 3.1343
2.50 2.9291
2.60 2.7239
2.70 2.5187
2.80 2.3136
2.90 2.1084
3.00 1.9032
3.10 1.6980
3.20 1.4928
3.30 1.2877
3.40 1.0825
3.50 0.8773
3.60 0.6721
3.70 0.4669
3.80 0.2618
3.90 0.0566
4.00 -0.1486
4.10 -0.3538
4.20 -0.5590
4.30 -0.7641
4.40 -0.9693
4.50 -1.1745
4.60 -1.3797
4.70 -1.5849
4.80 -1.7900
4.90 -1.9952
5.00 -2.2004
