-5.00 40.9498
-4.90 40.6713
-4.80 40.3944
-4.70 40.1189
-4.60 39.8448
-4.50 39.5723
-4.40 39.3012
-4.30 39.0317
-4.20 38.7636
-4.10 38.4969
-4.00 38.2318
-3.90 37.9681
-3.80 37.7060
-3.70 37.4453
-3.60 37.1860
-3.50 36.9283
-3.40 36.6720
-3.30 36.4173
-3.20 36.1640
-3.10 35.9122
-3.00 35.6618
-2.90 35.4130
-2.80 35.1656
-2.70 34.9197
-2.60 34.6753
-2.50 34.4324
-2.40 34.1909
-2.30 33.9509
-2.20 33.7124
-2.10 33.4754
-2.00 33.2399
-1.90 33.0059
-1.80 32.7733
-1.70 32.5422
-1.60 32.3126
-1.50 32.0845
-1.40 31.8578
-1.30 31.6326
-1.20 31.4090
-1.10 31.1868
-1.00 30.9660
-0.90 30.7468
-0.80 30.5290
-0.70 30.3127
-0.60 30.0979
-0.50 29.8846
-0.40 29.6728
-0.30 29.4624
-0.20 29.2535
-0.10 29.0461
-0.00 28.8402
0.10 28.6358
0.20 28.4328
0.30 28.2313
0.40 28.0313
0.50 27.8328
0.60 27.6358
0.70 27.4402
0.80 27.2461
0.90 27.0535
1.00 26.8624
1.10 26.6728
1.20 26.4846
1.30 26.2980
1.40 26.1128
1.50 25.9291
1.60 25.7468
1.70 25.5661
1.80 25.3868
1.90 25.2090
2.00 25.0327
2.10 24.8579
2.20 24.6845
2.30 24.5127
2.40 24.3423
2.50 24.1734
2.60 24.0059
2.70 23.8400
2.80 23.6755
2.90 23.5125
3.00 23.3510
3.10 23.1910
3.20 23.0325
3.30 22.8754
3.40 22.7198
3.50 22.5657
3.60 22.4131
3.70 22.2619
3.80 22.1123
3.90 21.9641
4.00 21.8174
4.10 21.6722
4.20 21.5284
4.30 21.3862
4.40 21.2454
4.50 21.1061
4.60 20.9683
4.70 20.8320
4.80 20.6971
4.90 20.5637
5.00 20.4318
