-5.00 17.6792
-4.90 17.4889
-4.80 17.2986
-4.70 17.1083
-4.60 16.9180
-4.50 16.7277
-4.40 16.5374
-4.30 16.3471
-4.20 16.1568
-4.10 15.9665
-4.00 15.7762
-3.90 15.5859
-3.80 15.3956
-3.70 15.2053
-3.60 15.0150
-3.50 14.8247
-3.40 14.6344
-3.30 14.4441
-3.20 14.2538
-3.10 14.0635
-3.00 13.8732
-2.90 13.6829
-2.80 13.4926
-2.70 13.3023
-2.60 13.1120
-2.50 12.9217
-2.40 12.7314
-2.30 12.5412
-2.20 12.3509
-2.10 12.1606
-2.00 11.9703
-1.90 11.7800
-1.80 11.5897
-1.70 11.3994
-1.60 11.2091
-1.50 11.0188
-1.40 10.8285
-1.30 10.6382
-1.20 10.4479
-1.10 10.2576
-1.00 10.0673
-0.90 9.8770
-0.80 9.6867
-0.70 9.4964
-0.60 9.3061
-0.50 9.1158
-0.40 8.9255
-0.30 8.7352
-0.20 8.5449
-0.10 8.3546
-0.00 8.1643
0.10 7.9740
0.20 7.7837
0.30 7.5934
0.40 7.4031
0.50 7.2128
0.60 7.0225
0.70 6.8322
0.80 6.6419
0.90 6.4516
1.00 6.2613
1.10 6.0710
1.20 5.8807
1.30 5.6904
1.40 5.5001
1.50 5.3098
1.60 5.1195
1.70 4.9292
1.80 4.7389
1.90 4.5486
2.00 4.3583
2.10 4.1680
2.20 3.9777
2.30 3.7874
2.40 3.5971
2.50 3.4068
2.60 3.2165
2.70 3.0262
2.80 2.8359
2.90 2.6456
3.00 2.4553
3.10 2.2650
3.20 2.0747
3.30 1.8844
3.40 1.6941
3.50 1.5038
3.60 1.3135
3.70 1.1232
3.80 0.9329
3.90 0.7426
4.00 0.5523
4.10 0.3620
4.20 0.1717
4.30 -0.0186
4.40 -0.2089
4.50 -0.3992
4.60 -0.5895
4.70 -0.7798
4.80 -0.9700
4.90 -1.1603
5.00 -1.3506
