-5.00 23.7579
-4.90 23.0172
-4.80 22.2873
-4.70 21.5682
-4.60 20.8600
-4.50 20.1626
-4.40 19.4760
-4.30 18.8003
-4.20 18.1354
-4.10 17.4814
-4.00 16.8382
-3.90 16.2059
-3.80 15.5844
-3.70 14.9737
-3.60 14.3739
-3.50 13.7849
-3.40 13.2068
-3.30 12.6395
-3.20 12.0830
-3.10 11.5374
-3.00 11.0026
-2.90 10.4787
-2.80 9.9656
-2.70 9.4633
-2.60 8.9719
-2.50 8.4913
-2.40 8.0216
-2.30 7.5627
-2.20 7.1146
-2.10 6.6774
-2.00 6.2510
-1.90 5.8355
-1.80 5.4308
-1.70 5.0369
-1.60 4.6539
-1.50 4.2817
-1.40 3.9204
-1.30 3.5699
-1.20 3.2303
-1.10 2.9015
-1.00 2.5835
-0.90 2.2763
-0.80 1.9801
-0.70 1.6946
-0.60 1.4200
-0.50 1.1562
-0.40 0.9033
-0.30 0.6612
-0.20 0.4300
-0.10 0.2096
-0.00 0.0000
0.10 -0.1987
0.20 -0.3866
0.30 -0.5637
0.40 -0.7299
0.50 -0.8852
0.60 -1.0297
0.70 -1.1634
0.80 -1.2863
0.90 -1.3983
1.00 -1.4994
1.10 -1.5897
1.20 -1.6692
1.30 -1.7379
1.40 -1.7957
1.50 -1.8426
1.60 -1.8787
1.70 -1.9040
1.80 -1.9185
1.90 -1.9221
2.00 -1.9148
2.10 -1.8967
2.20 -1.8678
2.30 -1.8280
2.40 -1.7774
2.50 -1.7160
2.60 -1.6437
2.70 -1.5606
2.80 -1.4666
2.90 -1.3618
3.00 -1.2461
3.10 -1.1196
3.20 -0.9823
3.30 -0.8341
3.40 -0.6751
3.50 -0.5053
3.60 -0.3246
3.70 -0.1330
3.80 0.0693
3.90 0.2825
4.00 0.5066
4.10 0.7415
4.20 0.9872
4.30 1.2438
4.40 1.5112
4.50 1.7895
4.60 2.0786
4.70 2.3785
4.80 2.6893
4.90 3.0109
5.00 3.3434
