0.00 -0.0184
0.10 0.0062
0.20 0.0330
0.30 0.0129
0.40 0.0083
0.50 0.0139
0.60 0.0166
0.70 0.0329
0.80 0.0397
0.90 0.0375
1.00 0.0477
1.10 0.0403
1.20 0.0305
1.30 0.0364
1.40 0.0290
1.50 0.0031
1.60 -0.0077
1.70 -0.0243
1.80 -0.0165
1.90 -0.0252
2.00 -0.0282
2.10 -0.0271
2.20 -0.0347
2.30 -0.0408
2.40 -0.0612
2.50 -0.0420
2.60 -0.0282
2.70 -0.0759
2.80 -0.1005
2.90 -0.1222
3.00 -0.1153
3.10 -0.1185
3.20 -0.1460
3.30 -0.1828
3.40 -0.2145
3.50 -0.2275
3.60 -0.2815
3.70 -0.2646
3.80 -0.2555
3.90 -0.2753
4.00 -0.2713
4.10 -0.2602
4.20 -0.2558
4.30 -0.2458
4.40 -0.2521
4.50 -0.2479
4.60 -0.2505
4.70 -0.2335
4.80 -0.1759
4.90 -0.1428
5.00 -0.1126
5.10 -0.0956
5.20 -0.0479
5.30 -0.0192
5.40 0.0163
5.50 0.0336
5.60 0.0720
5.70 0.0938
5.80 0.0938
5.90 0.1792
6.00 0.2079
6.10 0.2706
6.20 0.3024
6.30 0.3327
6.40 0.3133
6.50 0.3597
6.60 0.3715
6.70 0.4075
6.80 0.3960
6.90 0.4058
7.00 0.4329
7.10 0.4650
7.20 0.4257
7.30 0.4043
7.40 0.3701
7.50 0.3470
7.60 0.3356
7.70 0.3118
7.80 0.2810
7.90 0.3017
8.00 0.2881
8.10 0.2439
8.20 0.1917
8.30 0.1523
8.40 0.0488
8.50 -0.0070
8.60 -0.0684
8.70 -0.1393
8.80 -0.1962
8.90 -0.2367
9.00 -0.2528
9.10 -0.3107
9.20 -0.3469
9.30 -0.3829
9.40 -0.4467
9.50 -0.5076
9.60 -0.5291
9.70 -0.5586
9.80 -0.5783
9.90 -0.5959
10.00 -0.5947
10.10 -0.5957
10.20 -0.6260
10.30 -0.5945
10.40 -0.5971
10.50 -0.5652
10.60 -0.5605
10.70 -0.5253
10.80 -0.4754
10.90 -0.4517
11.00 -0.4143
11.10 -0.3549
11.20 -0.3131
11.30 -0.2550
11.40 -0.1960
11.50 -0.1320
11.60 -0.0776
11.70 -0.0437
11.80 0.0311
11.90 0.0908
12.00 0.1638
12.10 0.2049
12.20 0.2780
12.30 0.3531
12.40 0.4046
12.50 0.4843
12.60 0.5295
12.70 0.5780
12.80 0.6078
12.90 0.6498
13.00 0.7295
13.10 0.7481
13.20 0.7703
13.30 0.7440
13.40 0.7166
13.50 0.6899
13.60 0.6896
13.70 0.6726
13.80 0.6089
13.90 0.5403
14.00 0.4511
14.10 0.4571
14.20 0.4129
14.30 0.3453
14.40 0.2904
14.50 0.2244
14.60 0.1934
14.70 0.1275
14.80 0.0731
14.90 -0.0342
15.00 -0.0967
15.10 -0.1877
15.20 -0.2466
15.30 -0.3286
15.40 -0.3807
15.50 -0.4352
15.60 -0.4940
15.70 -0.5581
15.80 -0.5885
15.90 -0.6646
16.00 -0.6956
16.10 -0.7365
16.20 -0.7105
16.30 -0.7413
16.40 -0.7698
16.50 -0.7469
16.60 -0.7253
16.70 -0.7100
16.80 -0.7262
16.90 -0.7179
17.00 -0.6867
17.10 -0.6437
17.20 -0.5809
17.30 -0.5163
17.40 -0.4669
17.50 -0.3814
17.60 -0.3363
17.70 -0.2620
17.80 -0.1556
17.90 -0.0820
18.00 0.0196
18.10 0.0844
18.20 0.1521
18.30 0.2331
18.40 0.2809
18.50 0.3561
18.60 0.3970
18.70 0.4464
18.80 0.5020
18.90 0.5347
19.00 0.5594
19.10 0.5704
19.20 0.6401
19.30 0.6566
19.40 0.6853
19.50 0.6763
19.60 0.6377
19.70 0.6421
19.80 0.6542
19.90 0.6434
20.00 0.5937
20.10 0.5711
20.20 0.5283
20.30 0.4800
20.40 0.4395
20.50 0.4290
20.60 0.3802
20.70 0.3325
20.80 0.2837
20.90 0.2056
21.00 0.1478
21.10 0.0655
21.20 0.0251
21.30 -0.0554
21.40 -0.1357
21.50 -0.2027
21.60 -0.2633
21.70 -0.3201
21.80 -0.3273
21.90 -0.4269
22.00 -0.4844
22.10 -0.5319
22.20 -0.5640
22.30 -0.5496
22.40 -0.5353
22.50 -0.5623
22.60 -0.5813
22.70 -0.5624
22.80 -0.5655
22.90 -0.5858
23.00 -0.5587
23.10 -0.5253
23.20 -0.4979
23.30 -0.4804
23.40 -0.4479
23.50 -0.4205
23.60 -0.3624
23.70 -0.2969
23.80 -0.2614
23.90 -0.2169
24.00 -0.1591
24.10 -0.0636
24.20 0.0068
24.30 0.0379
24.40 0.0929
24.50 0.1781
24.60 0.2196
24.70 0.2544
24.80 0.2613
24.90 0.2737
25.00 0.2964
25.10 0.2883
25.20 0.3131
25.30 0.3798
25.40 0.3973
25.50 0.4297
25.60 0.4267
25.70 0.4472
25.80 0.4707
25.90 0.4993
26.00 0.4372
26.10 0.4151
26.20 0.4244
26.30 0.4293
26.40 0.3814
26.50 0.3503
26.60 0.3588
26.70 0.3316
26.80 0.2978
26.90 0.2826
27.00 0.2632
27.10 0.2368
27.20 0.2318
27.30 0.2059
27.40 0.1515
27.50 0.1149
27.60 0.0730
27.70 0.0648
27.80 0.0091
27.90 0.0184
28.00 -0.0025
28.10 -0.0517
28.20 -0.1019
28.30 -0.1205
28.40 -0.1393
28.50 -0.1257
28.60 -0.1224
28.70 -0.1013
28.80 -0.1169
28.90 -0.0844
29.00 -0.0882
29.10 -0.0947
29.20 -0.1040
29.30 -0.1101
29.40 -0.0835
29.50 -0.1108
29.60 -0.1118
29.70 -0.1052
29.80 -0.0992
29.90 -0.0948
30.00 -0.0914
30.10 -0.0749
30.20 -0.0278
30.30 -0.0144
30.40 0.0044
30.50 -0.0018
30.60 -0.0066
