0.00 0.0645
0.10 -0.2867
0.20 -0.1687
0.30 0.1462
0.40 0.4151
0.50 0.1597
0.60 0.1135
0.70 -0.2037
0.80 -0.0249
0.90 -0.2841
1.00 -0.2473
1.10 0.2349
1.20 0.3739
1.30 0.2633
1.40 0.0858
1.50 0.3239
1.60 -0.1399
1.70 -0.0020
1.80 -0.2352
1.90 -0.3001
2.00 -0.3793
2.10 -0.1171
2.20 -0.5933
2.30 -0.1749
2.40 -0.2960
2.50 0.0242
2.60 -0.3807
2.70 -0.1288
2.80 -0.5170
2.90 -0.2835
3.00 -0.5132
3.10 -0.3223
3.20 -0.0897
3.30 -0.5483
3.40 -0.3596
3.50 -0.2304
3.60 -0.2561
3.70 -0.2215
3.80 -0.1738
3.90 -0.3459
4.00 -0.4867
4.10 -0.0168
4.20 -0.4619
4.30 -0.4685
4.40 -0.1526
4.50 -0.0222
4.60 0.0195
4.70 0.1258
4.80 -0.0771
4.90 0.3957
5.00 0.0331
5.10 0.1397
5.20 0.4065
5.30 0.5239
5.40 0.4244
5.50 0.3109
5.60 0.3134
5.70 0.6245
5.80 0.6118
5.90 0.7752
6.00 0.6557
6.10 0.7508
6.20 1.0086
6.30 0.4566
6.40 0.3409
6.50 0.7104
6.60 0.4790
6.70 0.4466
6.80 0.3898
6.90 0.4672
7.00 0.1704
7.10 0.4892
7.20 0.2386
7.30 0.1882
7.40 0.3361
7.50 0.6127
7.60 0.2681
7.70 -0.1515
7.80 0.0759
7.90 -0.0055
8.00 0.2166
8.10 -0.1283
8.20 -0.2281
8.30 -0.2456
8.40 -0.3412
8.50 -0.3782
8.60 -0.3185
8.70 -0.7618
8.80 -0.3650
8.90 -0.5604
9.00 -1.0518
9.10 -0.7013
9.20 -0.7860
9.30 -1.1310
9.40 -0.7878
9.50 -0.7383
9.60 -0.7409
9.70 -0.7350
9.80 -0.6259
9.90 -0.9254
10.00 -0.4723
10.10 -0.4504
10.20 -0.3528
10.30 -0.5622
10.40 -0.7252
10.50 -0.4210
10.60 -0.2565
10.70 -0.3015
10.80 -0.0454
10.90 0.0417
11.00 0.1788
11.10 -0.1198
11.20 0.1973
11.30 0.1162
11.40 0.4089
11.50 0.4716
11.60 0.6194
11.70 0.7104
11.80 0.8824
11.90 0.8519
12.00 0.7415
12.10 0.8135
12.20 0.6696
12.30 1.1827
12.40 1.3691
12.50 0.8261
12.60 0.9848
12.70 1.2979
12.80 1.0438
12.90 1.3129
13.00 0.8859
13.10 0.8823
13.20 0.8579
13.30 1.2110
13.40 0.6357
13.50 0.6072
13.60 0.0696
13.70 0.6198
13.80 0.2887
13.90 0.3008
14.00 0.3222
14.10 0.0558
14.20 0.2040
14.30 -0.3651
14.40 -0.2792
14.50 -0.0719
14.60 -0.8995
14.70 -0.6786
14.80 -0.6216
14.90 -0.5007
15.00 -0.7283
15.10 -0.6548
15.20 -0.5539
15.30 -1.0765
15.40 -0.5881
15.50 -0.8926
15.60 -0.6568
15.70 -0.6905
15.80 -0.8099
15.90 -0.6312
16.00 -0.8572
16.10 -0.9479
16.20 -0.7101
16.30 -0.7419
16.40 -0.6355
16.50 -0.7245
16.60 -0.4673
16.70 -0.2215
16.80 -0.3060
16.90 -0.3724
17.00 0.0054
17.10 -0.1638
17.20 -0.0662
17.30 -0.2112
17.40 0.3915
17.50 0.2230
17.60 -0.0797
17.70 0.7520
17.80 0.4544
17.90 0.7374
18.00 0.7110
18.10 0.8501
18.20 0.6807
18.30 0.8878
18.40 0.8775
18.50 0.7512
18.60 1.0231
18.70 0.8466
18.80 0.9131
18.90 1.1435
19.00 0.4582
19.10 0.5562
19.20 1.0354
19.30 0.9994
19.40 0.8850
19.50 0.3139
19.60 0.4806
19.70 0.4994
19.80 0.2797
19.90 0.5719
20.00 0.2486
20.10 0.0048
20.20 0.0459
20.30 0.1852
20.40 0.1609
20.50 -0.1095
20.60 0.2318
20.70 0.0116
20.80 -0.1343
20.90 -0.2851
21.00 -0.1498
21.10 -0.6226
21.20 -0.3231
21.30 -0.7430
21.40 -0.8444
21.50 -0.9679
21.60 -0.7989
21.70 -0.9260
21.80 -0.5535
21.90 -0.7108
22.00 -0.9658
22.10 -0.6166
22.20 -0.6706
22.30 -0.8190
22.40 -0.6591
22.50 -0.5458
22.60 -0.5176
22.70 -0.8657
22.80 -0.6052
22.90 -0.7377
23.00 0.1160
23.10 -0.5133
23.20 -0.3369
23.30 -0.3259
23.40 0.1024
23.50 -0.2210
23.60 0.1647
23.70 0.1853
23.80 0.4311
23.90 0.1902
24.00 0.1425
24.10 0.3952
24.20 0.4175
24.30 0.3530
24.40 0.1616
24.50 -0.0169
24.60 0.7693
24.70 0.7405
24.80 0.3807
24.90 0.8416
25.00 0.6324
25.10 0.6940
25.20 0.6982
25.30 0.3219
25.40 0.8317
25.50 0.3428
25.60 0.3727
25.70 0.5440
25.80 0.4108
25.90 0.4928
26.00 0.3233
26.10 -0.2694
26.20 0.0333
26.30 0.4163
26.40 0.2424
26.50 0.1011
26.60 -0.2310
26.70 0.2842
26.80 0.1579
26.90 -0.2199
27.00 -0.3254
27.10 0.1363
27.20 -0.0793
27.30 -0.1899
27.40 0.1163
27.50 -0.1709
27.60 0.0844
27.70 -0.0548
27.80 -0.1261
27.90 -0.1871
28.00 -0.0868
28.10 0.2259
28.20 -0.2039
28.30 -0.5099
28.40 -0.2151
28.50 -0.3643
28.60 -0.3388
28.70 -0.0996
28.80 0.0674
28.90 0.0371
29.00 -0.0756
29.10 -0.1027
29.20 -0.4520
29.30 0.0981
29.40 -0.6679
29.50 0.0542
29.60 0.3465
29.70 -0.1214
29.80 0.1812
29.90 0.4128
30.00 -0.1823
30.10 0.1290
30.20 0.2193
30.30 0.0041
30.40 -0.0424
30.50 -0.1088
30.60 -0.1599
