0.00 0.0000
0.10 0.0099
0.20 0.0196
0.30 0.0287
0.40 0.0368
0.50 0.0439
0.60 0.0495
0.70 0.0535
0.80 0.0557
0.90 0.0559
1.00 0.0539
1.10 0.0498
1.20 0.0434
1.30 0.0347
1.40 0.0237
1.50 0.0106
1.60 -0.0047
1.70 -0.0218
1.80 -0.0407
1.90 -0.0611
2.00 -0.0827
2.10 -0.1052
2.20 -0.1284
2.30 -0.1519
2.40 -0.1753
2.50 -0.1982
2.60 -0.2203
2.70 -0.2411
2.80 -0.2604
2.90 -0.2776
3.00 -0.2926
3.10 -0.3048
3.20 -0.3140
3.30 -0.3200
3.40 -0.3224
3.50 -0.3211
3.60 -0.3159
3.70 -0.3067
3.80 -0.2934
3.90 -0.2760
4.00 -0.2545
4.10 -0.2291
4.20 -0.1999
4.30 -0.1671
4.40 -0.1309
4.50 -0.0917
4.60 -0.0498
4.70 -0.0056
4.80 0.0404
4.90 0.0878
5.00 0.1360
5.10 0.1845
5.20 0.2328
5.30 0.2803
5.40 0.3263
5.50 0.3704
5.60 0.4120
5.70 0.4504
5.80 0.4853
5.90 0.5160
6.00 0.5422
6.10 0.5633
6.20 0.5790
6.30 0.5891
6.40 0.5931
6.50 0.5910
6.60 0.5826
6.70 0.5678
6.80 0.5467
6.90 0.5192
7.00 0.4857
7.10 0.4462
7.20 0.4011
7.30 0.3508
7.40 0.2957
7.50 0.2363
7.60 0.1731
7.70 0.1068
7.80 0.0379
7.90 -0.0327
8.00 -0.1044
8.10 -0.1764
8.20 -0.2480
8.30 -0.3183
8.40 -0.3867
8.50 -0.4523
8.60 -0.5144
8.70 -0.5722
8.80 -0.6251
8.90 -0.6725
9.00 -0.7137
9.10 -0.7482
9.20 -0.7756
9.30 -0.7954
9.40 -0.8073
9.50 -0.8111
9.60 -0.8066
9.70 -0.7938
9.80 -0.7727
9.90 -0.7434
10.00 -0.7061
10.10 -0.6610
10.20 -0.6086
10.30 -0.5494
10.40 -0.4838
10.50 -0.4125
10.60 -0.3362
10.70 -0.2555
10.80 -0.1714
10.90 -0.0846
11.00 0.0039
11.10 0.0934
11.20 0.1827
11.30 0.2711
11.40 0.3575
11.50 0.4411
11.60 0.5210
11.70 0.5963
11.80 0.6661
11.90 0.7298
12.00 0.7865
12.10 0.8357
12.20 0.8768
12.30 0.9092
12.40 0.9327
12.50 0.9469
12.60 0.9516
12.70 0.9466
12.80 0.9320
12.90 0.9079
13.00 0.8744
13.10 0.8319
13.20 0.7807
13.30 0.7213
13.40 0.6544
13.50 0.5805
13.60 0.5004
13.70 0.4149
13.80 0.3248
13.90 0.2311
14.00 0.1347
14.10 0.0367
14.20 -0.0621
14.30 -0.1605
14.40 -0.2576
14.50 -0.3523
14.60 -0.4437
14.70 -0.5309
14.80 -0.6128
14.90 -0.6887
15.00 -0.7578
15.10 -0.8193
15.20 -0.8726
15.30 -0.9172
15.40 -0.9525
15.50 -0.9782
15.60 -0.9941
15.70 -1.0000
15.80 -0.9957
15.90 -0.9814
16.00 -0.9573
16.10 -0.9234
16.20 -0.8803
16.30 -0.8284
16.40 -0.7681
16.50 -0.7002
16.60 -0.6253
16.70 -0.5443
16.80 -0.4579
16.90 -0.3671
17.00 -0.2729
17.10 -0.1761
17.20 -0.0778
17.30 0.0210
17.40 0.1192
17.50 0.2159
17.60 0.3101
17.70 0.4008
17.80 0.4871
17.90 0.5681
18.00 0.6430
18.10 0.7111
18.20 0.7718
18.30 0.8243
18.40 0.8682
18.50 0.9031
18.60 0.9288
18.70 0.9449
18.80 0.9514
18.90 0.9483
19.00 0.9356
19.10 0.9136
19.20 0.8825
19.30 0.8428
19.40 0.7949
19.50 0.7393
19.60 0.6767
19.70 0.6078
19.80 0.5333
19.90 0.4541
20.00 0.3711
20.10 0.2850
20.20 0.1969
20.30 0.1076
20.40 0.0182
20.50 -0.0706
20.60 -0.1577
20.70 -0.2423
20.80 -0.3236
20.90 -0.4007
21.00 -0.4728
21.10 -0.5393
21.20 -0.5996
21.30 -0.6531
21.40 -0.6994
21.50 -0.7380
21.60 -0.7686
21.70 -0.7910
21.80 -0.8052
21.90 -0.8110
22.00 -0.8085
22.10 -0.7978
22.20 -0.7793
22.30 -0.7531
22.40 -0.7197
22.50 -0.6795
22.60 -0.6331
22.70 -0.5810
22.80 -0.5239
22.90 -0.4624
23.00 -0.3973
23.10 -0.3294
23.20 -0.2593
23.30 -0.1878
23.40 -0.1158
23.50 -0.0440
23.60 0.0268
23.70 0.0960
23.80 0.1627
23.90 0.2265
24.00 0.2865
24.10 0.3424
24.20 0.3935
24.30 0.4394
24.40 0.4798
24.50 0.5143
24.60 0.5427
24.70 0.5649
24.80 0.5807
24.90 0.5901
25.00 0.5932
25.10 0.5901
25.20 0.5810
25.30 0.5662
25.40 0.5459
25.50 0.5205
25.60 0.4905
25.70 0.4562
25.80 0.4183
25.90 0.3772
26.00 0.3335
26.10 0.2877
26.20 0.2404
26.30 0.1922
26.40 0.1437
26.50 0.0954
26.60 0.0479
26.70 0.0016
26.80 -0.0429
26.90 -0.0852
27.00 -0.1249
27.10 -0.1615
27.20 -0.1949
27.30 -0.2247
27.40 -0.2508
27.50 -0.2728
27.60 -0.2909
27.70 -0.3048
27.80 -0.3147
27.90 -0.3205
28.00 -0.3225
28.10 -0.3206
28.20 -0.3152
28.30 -0.3065
28.40 -0.2947
28.50 -0.2802
28.60 -0.2633
28.70 -0.2443
28.80 -0.2237
28.90 -0.2018
29.00 -0.1790
29.10 -0.1556
29.20 -0.1322
29.30 -0.1089
29.40 -0.0862
29.50 -0.0644
29.60 -0.0438
29.70 -0.0247
29.80 -0.0073
29.90 0.0083
30.00 0.0218
30.10 0.0331
30.20 0.0421
30.30 0.0489
30.40 0.0534
30.50 0.0557
30.60 0.0558
