0.00 0.0138
0.10 0.1399
0.20 0.1914
0.30 0.2001
0.40 0.1698
0.50 0.2524
0.60 0.2154
0.70 0.1910
0.80 0.1843
0.90 0.1992
1.00 0.1946
1.10 0.1593
1.20 0.1372
1.30 0.1472
1.40 0.1173
1.50 0.1079
1.60 0.1080
1.70 0.1007
1.80 0.1183
1.90 0.1030
2.00 0.1001
2.10 0.0978
2.20 0.0835
2.30 0.0764
2.40 0.0598
2.50 0.0514
2.60 0.0348
2.70 0.0191
2.80 0.0050
2.90 -0.0039
3.00 -0.0150
3.10 -0.0409
3.20 -0.0449
3.30 -0.0579
3.40 -0.0619
3.50 -0.0605
3.60 -0.0588
3.70 -0.0731
3.80 -0.0693
3.90 -0.0740
4.00 -0.0770
4.10 -0.0773
4.20 -0.0855
4.30 -0.0831
4.40 -0.0695
4.50 -0.0653
4.60 -0.0646
4.70 -0.0629
4.80 -0.0667
4.90 -0.0585
5.00 -0.0508
5.10 -0.0506
5.20 -0.0470
5.30 -0.0376
5.40 -0.0302
5.50 -0.0170
5.60 -0.0136
5.70 -0.0091
5.80 -0.0037
5.90 0.0003
6.00 0.0051
6.10 0.0144
6.20 0.0205
6.30 0.0253
6.40 0.0332
6.50 0.0448
6.60 0.0506
6.70 0.0611
6.80 0.0738
6.90 0.0816
7.00 0.0860
7.10 0.0947
7.20 0.1011
7.30 0.1009
7.40 0.1046
7.50 0.1067
7.60 0.1062
7.70 0.1083
7.80 0.1082
7.90 0.1098
8.00 0.1066
8.10 0.1017
8.20 0.1013
8.30 0.0981
8.40 0.0927
8.50 0.0855
8.60 0.0761
8.70 0.0655
8.80 0.0564
8.90 0.0483
9.00 0.0410
9.10 0.0328
9.20 0.0232
9.30 0.0159
9.40 0.0090
9.50 -0.0013
9.60 -0.0072
9.70 -0.0157
9.80 -0.0250
9.90 -0.0298
10.00 -0.0327
10.10 -0.0401
10.20 -0.0470
10.30 -0.0511
10.40 -0.0548
10.50 -0.0608
10.60 -0.0632
10.70 -0.0605
10.80 -0.0611
10.90 -0.0617
11.00 -0.0625
11.10 -0.0596
11.20 -0.0579
11.30 -0.0554
11.40 -0.0526
11.50 -0.0507
11.60 -0.0452
11.70 -0.0386
11.80 -0.0320
11.90 -0.0251
12.00 -0.0191
12.10 -0.0139
12.20 -0.0062
12.30 0.0034
12.40 0.0106
12.50 0.0169
12.60 0.0249
12.70 0.0325
12.80 0.0375
12.90 0.0441
13.00 0.0523
13.10 0.0603
13.20 0.0677
13.30 0.0716
13.40 0.0758
13.50 0.0792
13.60 0.0801
13.70 0.0808
13.80 0.0811
13.90 0.0823
14.00 0.0840
14.10 0.0829
14.20 0.0835
14.30 0.0827
14.40 0.0819
14.50 0.0801
14.60 0.0811
14.70 0.0777
14.80 0.0716
14.90 0.0672
15.00 0.0616
15.10 0.0556
15.20 0.0502
15.30 0.0418
15.40 0.0351
15.50 0.0266
15.60 0.0216
15.70 0.0146
15.80 0.0081
15.90 0.0016
16.00 -0.0033
16.10 -0.0099
16.20 -0.0150
16.30 -0.0209
16.40 -0.0254
16.50 -0.0286
16.60 -0.0310
16.70 -0.0343
16.80 -0.0358
16.90 -0.0400
17.00 -0.0395
17.10 -0.0394
17.20 -0.0407
17.30 -0.0402
17.40 -0.0399
17.50 -0.0383
17.60 -0.0363
17.70 -0.0340
17.80 -0.0304
17.90 -0.0276
18.00 -0.0230
18.10 -0.0183
18.20 -0.0154
18.30 -0.0131
18.40 -0.0084
18.50 -0.0032
18.60 0.0019
18.70 0.0076
18.80 0.0132
18.90 0.0181
19.00 0.0213
19.10 0.0238
19.20 0.0286
19.30 0.0317
19.40 0.0374
19.50 0.0403
19.60 0.0438
19.70 0.0464
19.80 0.0498
19.90 0.0507
20.00 0.0529
20.10 0.0531
20.20 0.0528
20.30 0.0541
20.40 0.0541
20.50 0.0540
20.60 0.0526
20.70 0.0513
20.80 0.0482
20.90 0.0466
21.00 0.0440
21.10 0.0413
21.20 0.0383
21.30 0.0343
21.40 0.0309
21.50 0.0252
21.60 0.0215
21.70 0.0182
21.80 0.0139
21.90 0.0086
22.00 0.0049
22.10 0.0014
22.20 -0.0024
22.30 -0.0066
22.40 -0.0097
22.50 -0.0118
22.60 -0.0146
22.70 -0.0169
22.80 -0.0205
22.90 -0.0238
23.00 -0.0264
23.10 -0.0269
23.20 -0.0269
23.30 -0.0272
23.40 -0.0274
23.50 -0.0259
23.60 -0.0228
23.70 -0.0225
23.80 -0.0210
23.90 -0.0210
24.00 -0.0202
24.10 -0.0195
24.20 -0.0191
24.30 -0.0178
24.40 -0.0160
24.50 -0.0148
24.60 -0.0129
24.70 -0.0114
24.80 -0.0090
24.90 -0.0062
25.00 -0.0033
25.10 -0.0021
25.20 -0.0003
25.30 0.0024
25.40 0.0046
25.50 0.0067
25.60 0.0079
25.70 0.0094
25.80 0.0100
25.90 0.0125
26.00 0.0140
26.10 0.0156
26.20 0.0157
26.30 0.0161
26.40 0.0161
26.50 0.0170
26.60 0.0177
26.70 0.0194
26.80 0.0180
26.90 0.0175
27.00 0.0169
27.10 0.0175
27.20 0.0173
27.30 0.0159
27.40 0.0142
27.50 0.0127
27.60 0.0115
27.70 0.0100
27.80 0.0092
27.90 0.0081
28.00 0.0070
28.10 0.0051
28.20 0.0047
28.30 0.0038
28.40 0.0025
28.50 0.0013
28.60 -0.0001
28.70 -0.0010
28.80 -0.0030
28.90 -0.0041
29.00 -0.0050
29.10 -0.0060
29.20 -0.0067
29.30 -0.0078
29.40 -0.0082
29.50 -0.0092
29.60 -0.0100
29.70 -0.0098
29.80 -0.0112
29.90 -0.0109
30.00 -0.0108
30.10 -0.0105
30.20 -0.0102
30.30 -0.0097
30.40 -0.0099
30.50 -0.0104
30.60 -0.0100
