0.00 0.0079
0.10 -0.0694
0.20 0.0079
0.30 0.0716
0.40 0.1935
0.50 0.1646
0.60 -0.0823
0.70 0.2571
0.80 -0.0783
0.90 0.0745
1.00 -0.0040
1.10 0.0737
1.20 0.2371
1.30 -0.0815
1.40 0.1436
1.50 -0.1560
1.60 0.0657
1.70 -0.1105
1.80 -0.0530
1.90 -0.1729
2.00 -0.0379
2.10 -0.2526
2.20 -0.1546
2.30 -0.2037
2.40 -0.2262
2.50 -0.2275
2.60 -0.3125
2.70 -0.0731
2.80 -0.2005
2.90 -0.0682
3.00 -0.2331
3.10 -0.0968
3.20 -0.2116
3.30 -0.3114
3.40 -0.2638
3.50 -0.3424
3.60 -0.3213
3.70 -0.2652
3.80 -0.2979
3.90 -0.1128
4.00 -0.3551
4.10 -0.2646
4.20 -0.1397
4.30 -0.1698
4.40 -0.0950
4.50 -0.2256
4.60 -0.0909
4.70 -0.1302
4.80 -0.0874
4.90 0.2621
5.00 0.0432
5.10 0.2225
5.20 0.0704
5.30 0.3382
5.40 0.4722
5.50 0.4931
5.60 0.3913
5.70 0.3825
5.80 0.3414
5.90 0.6030
6.00 0.5338
6.10 0.4980
6.20 0.5654
6.30 0.5242
6.40 0.5385
6.50 0.5094
6.60 0.4712
6.70 0.7420
6.80 0.6478
6.90 0.4609
7.00 0.3846
7.10 0.4287
7.20 0.5082
7.30 0.4252
7.40 0.4689
7.50 0.1459
7.60 0.1517
7.70 0.0543
7.80 -0.2185
7.90 -0.0378
8.00 0.0267
8.10 -0.2160
8.20 -0.1766
8.30 -0.3071
8.40 -0.2520
8.50 -0.3093
8.60 -0.4911
8.70 -0.6299
8.80 -0.6703
8.90 -0.5423
9.00 -0.6619
9.10 -0.9555
9.20 -0.7732
9.30 -0.8463
9.40 -0.9062
9.50 -0.7571
9.60 -0.7903
9.70 -0.7897
9.80 -0.6792
9.90 -0.8168
10.00 -0.6022
10.10 -0.4929
10.20 -0.6178
10.30 -0.6601
10.40 -0.3214
10.50 -0.3070
10.60 0.0171
10.70 -0.4465
10.80 -0.1941
10.90 -0.3187
11.00 0.0889
11.10 0.2119
11.20 0.3912
11.30 0.2798
11.40 0.3366
11.50 0.6040
11.60 0.3456
11.70 0.5551
11.80 0.7044
11.90 0.7965
12.00 0.8478
12.10 0.9159
12.20 0.9737
12.30 0.8315
12.40 0.7977
12.50 0.9657
12.60 1.1270
12.70 0.7922
12.80 0.9317
12.90 0.8795
13.00 0.6883
13.10 0.9121
13.20 0.8920
13.30 0.6581
13.40 0.7611
13.50 0.4444
13.60 0.5213
13.70 0.4257
13.80 0.4055
13.90 0.1628
14.00 0.3803
14.10 -0.1268
14.20 -0.2532
14.30 -0.1415
14.40 -0.3698
14.50 -0.4976
14.60 -0.4437
14.70 -0.4499
14.80 -0.7448
14.90 -0.6332
15.00 -0.6890
15.10 -0.7806
15.20 -0.7052
15.30 -0.8783
15.40 -0.8794
15.50 -0.9755
15.60 -0.8267
15.70 -0.9983
15.80 -0.8882
15.90 -1.1941
16.00 -1.0178
16.10 -0.9536
16.20 -0.9920
16.30 -0.8513
16.40 -0.6730
16.50 -0.8264
16.60 -0.6016
16.70 -0.7255
16.80 -0.6187
16.90 -0.2473
17.00 -0.2359
17.10 -0.1169
17.20 -0.2214
17.30 -0.0324
17.40 -0.0455
17.50 0.1637
17.60 0.1291
17.70 0.3253
17.80 0.6395
17.90 0.5779
18.00 0.8880
18.10 0.8053
18.20 0.8100
18.30 0.8544
18.40 0.7723
18.50 0.7882
18.60 0.9790
18.70 0.9321
18.80 1.2071
18.90 0.9438
19.00 0.8746
19.10 0.9325
19.20 0.9469
19.30 0.8472
19.40 0.7309
19.50 0.8999
19.60 0.7703
19.70 0.6801
19.80 0.4424
19.90 0.5721
20.00 0.2142
20.10 0.2693
20.20 0.0315
20.30 0.1226
20.40 -0.0240
20.50 0.0150
20.60 -0.1922
20.70 -0.4144
20.80 -0.3359
20.90 -0.4501
21.00 -0.4814
21.10 -0.5045
21.20 -0.5612
21.30 -0.6656
21.40 -0.6103
21.50 -0.9124
21.60 -0.6861
21.70 -0.8970
21.80 -0.7779
21.90 -0.6803
22.00 -0.7931
22.10 -0.8928
22.20 -0.6262
22.30 -0.4648
22.40 -0.6328
22.50 -0.5110
22.60 -0.5767
22.70 -0.6030
22.80 -0.5198
22.90 -0.4470
23.00 -0.2166
23.10 -0.5183
23.20 -0.1984
23.30 -0.1418
23.40 0.0247
23.50 -0.1935
23.60 0.1267
23.70 0.1619
23.80 0.2327
23.90 0.1852
24.00 0.4139
24.10 0.2944
24.20 0.3541
24.30 0.5187
24.40 0.5141
24.50 0.5313
24.60 0.5949
24.70 0.4951
24.80 0.5702
24.90 0.4933
25.00 0.6448
25.10 0.5862
25.20 0.6342
25.30 0.4068
25.40 0.5161
25.50 0.6738
25.60 0.5495
25.70 0.2391
25.80 0.5282
25.90 0.4481
26.00 0.2715
26.10 0.1378
26.20 0.2897
26.30 0.2593
26.40 0.3561
26.50 0.2229
26.60 -0.0306
26.70 0.0884
26.80 -0.1836
26.90 -0.1338
27.00 -0.1837
27.10 -0.2711
27.20 -0.3100
27.30 -0.0557
27.40 -0.3513
27.50 -0.2191
27.60 -0.2046
27.70 -0.3759
27.80 -0.3218
27.90 -0.6520
28.00 -0.3497
28.10 -0.2182
28.20 -0.2139
28.30 -0.3867
28.40 -0.2658
28.50 -0.3007
28.60 -0.1768
28.70 -0.3469
28.80 -0.2332
28.90 -0.1061
29.00 -0.2216
29.10 0.0861
29.20 -0.0800
29.30 -0.1388
29.40 -0.0602
29.50 0.0442
29.60 0.1923
29.70 0.0460
29.80 -0.0214
29.90 -0.0074
30.00 0.0504
30.10 -0.1896
30.20 -0.0126
30.30 0.0960
30.40 0.1121
30.50 0.2361
30.60 -0.0044
